858 1
593 2
2384 3
1961 4
2019 5
573 6
1419 7
213 8
3111 9
3505 10
1734 11
912 12
919 13
2503 14
527 15
649 16
318 17
1252 18
3289 19
759 20
2858 21
608 22
2396 23
326 24
1649 25
2028 26
17 27
34 28
2762 29
246 30
2692 31
1617 32
1111 33
300 34
1392 35
150 36
549 37
562 38
265 39
1537 40
1554 41
448 42
866 43
1358 44
2324 45
235 46
247 47
446 48
1704 49
1094 50
50 51
45 52
162 53
348 54
508 55
589 56
1089 57
58 58
2580 59
1694 60
1834 61
2391 62
282 63
111 64
290 65
2067 66
357 67
1641 68
930 69
1230 70
3022 71
947 72
3088 73
3133 74
1294 75
3421 76
2804 77
1269 78
955 79
1244 80
1276 81
2622 82
2791 83
2300 84
1028 85
2863 86
1197 87
3548 88
951 89
1211 90
1223 91
933 92
3072 93
1066 94
907 95
935 96
3175 97
2671 98
1304 99
3035 100
1270 101
3363 102
1014 103
1078 104
909 105
1265 106
3396 107
911 108
2174 109
1934 110
945 111
2746 112
3037 113
952 114
1188 115
471 116
916 117
2289 118
1125 119
915 120
3028 121
3471 122
260 123
750 124
924 125
1210 126
1097 127
2087 128
914 129
2565 130
3545 131
900 132
918 133
1282 134
899 135
1022 136
588 137
963 138
3549 139
1947 140
1951 141
364 142
2083 143
2857 144
2946 145
1220 146
1380 147
107 148
1081 149
901 150
2096 151
938 152
661 153
1088 154
2080 155
783 156
1083 157
1416 158
199 159
48 160
903 161
904 162
913 163
1212 164
1284 165
950 166
1964 167
2206 168
2208 169
1086 170
906 171
942 172
2414 173
1680 174
926 175
1237 176
923 177
920 178
2146 179
356 180
1387 181
1079 182
1148 183
2716 184
232 185
1136 186
1882 187
3508 188
702 189
1267 190
3148 191
3543 192
1221 193
2132 194
1193 195
1250 196
3006 197
908 198
3196 199
1225 200
1299 201
1207 202
3469 203
1721 204
2428 205
3438 206
1883 207
2376 208
3468 209
1945 210
1938 211
1949 212
1231 213
3359 214
2728 215
2492 216
2826 217
2827 218
2572 219
2683 220
2699 221
2706 222
2707 223
2501 224
3504 225
1203 226
3362 227
3005 228
2842 229
2555 230
2975 231
2997 232
3285 233
2694 234
2710 235
2770 236
1233 237
3270 238
3330 239
3016 240
2433 241
223 242
2147 243
2771 244
2038 245
3068 246
3095 247
1208 248
2890 249
1940 250
1941 251
2919 252
1293 253
2881 254
2541 255
2546 256
1911 257
3203 258
2678 259
2722 260
2759 261
2772 262
1093 263
2434 264
3408 265
2828 266
3113 267
2575 268
2599 269
2605 270
2336 271
3051 272
3467 273
1213 274
1259 275
3159 276
2712 277
2757 278
3526 279
1939 280
1950 281
1952 282
2995 283
2676 284
407 285
2690 286
2318 287
2333 288
2719 289
959 290
3152 291
1288 292
2303 293
3008 294
2882 295
3160 296
785 297
2629 298
2390 299
2392 300
2713 301
3147 302
1953 303
2238 304
1674 305
3053 306
2805 307
2900 308
3354 309
2734 310
3379 311
949 312
2439 313
296 314
968 315
2490 316
1959 317
2502 318
2574 319
2581 320
2901 321
3219 322
3325 323
2723 324
3201 325
3424 326
1956 327
299 328
2598 329
24 330
2906 331
3300 332
2758 333
2013 334
2093 335
1513 336
2560 337
43 338
2686 339
2395 340
3081 341
2485 342
2491 343
2840 344
2841 345
3273 346
2700 347
2070 348
3114 349
3176 350
2672 351
2693 352
2702 353
2715 354
86 355
2987 356
1623 357
2600 358
2337 359
2701 360
3125 361
3179 362
3329 363
461 364
2010 365
1413 366
2024 367
1198 368
720 369
745 370
1192 371
1196 372
3149 373
1281 374
28 375
3307 376
3224 377
3265 378
3128 379
1219 380
2360 381
3462 382
3030 383
1348 384
1719 385
2075 386
2972 387
541 388
1248 389
902 390
25 391
898 392
1007 393
922 394
3067 395
2859 396
1247 397
2677 398
2186 399
2609 400
1412 401
1303 402
1104 403
2648 404
2357 405
2628 406
3429 407
1228 408
2732 409
1080 410
1584 411
2571 412
32 413
480 414
1748 415
2046 416
1214 417
2664 418
800 419
3365 420
1591 421
1909 422
2916 423
1653 424
1372 425
504 426
1876 427
1527 428
1580 429
1356 430
1396 431
971 432
2660 433
329 434
3156 435
788 436
2393 437
512 438
2012 439
1217 440
3075 441
3089 442
1573 443
338 444
1690 445
1150 446
2973 447
1544 448
1603 449
185 450
1831 451
1320 452
1391 453
1885 454
1931 455
2920 456
1240 457
514 458
2808 459
2986 460
1779 461
2053 462
1590 463
405 464
1132 465
1041 466
1056 467
2020 468
2448 469
256 470
66 471
737 472
3447 473
1176 474
1199 475
176 476
1200 477
1374 478
1657 479
2455 480
3527 481
2968 482
2985 483
1274 484
1375 485
1376 486
2407 487
2105 488
2117 489
2140 490
2613 491
2311 492
2011 493
2021 494
3547 495
3551 496
1234 497
1253 498
2054 499
1965 500
2641 501
1373 502
2364 503
2408 504
2456 505
2642 506
3052 507
3090 508
1254 509
1278 510
1397 511
2730 512
2848 513
1594 514
599 515
3461 516
3361 517
1077 518
306 519
3418 520
1185 521
1242 522
110 523
307 524
2064 525
1874 526
1504 527
1957 528
2971 529
1258 530
1243 531
967 532
3130 533
344 534
1345 535
249 536
1280 537
778 538
1784 539
293 540
590 541
1682 542
475 543
1179 544
2291 545
3108 546
373 547
1264 548
194 549
337 550
358 551
454 552
1366 553
515 554
1061 555
961 556
2366 557
1466 558
3246 559
62 560
3386 561
3019 562
3342 563
3426 564
1120 565
11 566
1268 567
4 568
1735 569
230 570
3255 571
805 572
21 573
2688 574
26 575
1727 576
280 577
3252 578
1729 579
3155 580
509 581
1747 582
224 583
1918 584
3435 585
320 586
2726 587
2361 588
3364 589
1442 590
1480 591
875 592
1260 593
3334 594
31 595
1711 596
2441 597
1962 598
2966 599
350 600
851 601
2002 602
695 603
1201 604
2059 605
2875 606
1183 607
921 608
940 609
2288 610
2644 611
1036 612
1096 613
253 614
605 615
1586 616
42 617
1006 618
1027 619
30 620
457 621
2908 622
766 623
1801 624
1884 625
3257 626
3521 627
3528 628
418 629
765 630
455 631
2431 632
1726 633
3150 634
1966 635
1340 636
2313 637
969 638
3498 639
308 640
3550 641
1797 642
92 643
2412 644
169 645
1595 646
2819 647
994 648
3499 649
2102 650
2130 651
2529 652
3198 653
1296 654
1 655
594 656
3132 657
1301 658
1307 659
1354 660
1954 661
388 662
735 663
1272 664
2302 665
1500 666
2542 667
2947 668
2355 669
1517 670
1923 671
3253 672
367 673
3018 674
1827 675
2662 676
2739 677
440 678
2124 679
500 680
7 681
1614 682
3450 683
2108 684
2926 685
597 686
1777 687
3263 688
236 689
708 690
539 691
216 692
378 693
1020 694
333 695
3208 696
1713 697
5 698
830 699
1042 700
2004 701
3094 702
3098 703
1409 704
231 705
372 706
157 707
1582 708
1914 709
1944 710
1367 711
1377 712
2709 713
252 714
585 715
784 716
1379 717
3086 718
3267 719
673 720
466 721
1702 722
186 723
1689 724
1806 725
2266 726
3 727
355 728
537 729
1494 730
1855 731
1503 732
2387 733
153 734
2335 735
1646 736
818 737
1863 738
1581 739
520 740
1012 741
2016 742
637 743
1602 744
432 745
2036 746
1431 747
2953 748
1760 749
1453 750
688 751
374 752
2042 753
437 754
2720 755
1005 756
1839 757
2296 758
325 759
420 760
429 761
1707 762
2152 763
870 764
1731 765
3146 766
2526 767
2670 768
2763 769
3104 770
1295 771
2329 772
123 773
2729 774
2000 775
2949 776
2951 777
1222 778
1127 779
2194 780
2944 781
733 782
1408 783
592 784
3404 785
349 786
780 787
1608 788
2353 789
3197 790
380 791
292 792
1676 793
2871 794
3105 795
339 796
1273 797
3210 798
151 799
1129 800
1171 801
1261 802
1189 803
2512 804
1300 805
2349 806
1394 807
1090 808
1975 809
1960 810
3039 811
1285 812
2348 813
2076 814
2312 815
3070 816
2872 817
2150 818
1246 819
3422 820
3101 821
2750 822
1305 823
1321 824
2852 825
3552 826
2915 827
1291 828
3449 829
2301 830
1663 831
1124 832
2100 833
2463 834
2989 835
2745 836
2286 837
2369 838
2022 839
2802 840
3524 841
2134 842
1991 843
2003 844
1173 845
2111 846
1587 847
3388 848
2089 849
680 850
2717 851
2751 852
2794 853
3169 854
2378 855
1289 856
1974 857
2410 858
2411 859
1187 860
2553 861
2948 862
3017 863
2471 864
2513 865
2241 866
1091 867
2402 868
1846 869
2321 870
2795 871
2421 872
3071 873
999 874
272 875
555 876
2866 877
2160 878
2065 879
529 880
2085 881
714 882
3204 883
731 884
862 885
2467 886
1912 887
1292 888
3097 889
3011 890
948 891
2943 892
1297 893
596 894
1084 895
628 896
2104 897
441 898
2014 899
2159 900
2620 901
892 902
2176 903
341 904
2687 905
3308 906
2427 907
2570 908
47 909
2611 910
2797 911
2018 912
2001 913
2401 914
1350 915
2377 916
1597 917
1673 918
551 919
840 920
2287 921
2359 922
3350 923
3060 924
3282 925
188 926
2874 927
2118 928
1610 929
3494 930
1955 931
1029 932
534 933
1907 934
319 935
1678 936
497 937
3044 938
428 939
1332 940
2071 941
943 942
39 943
3296 944
1921 945
1968 946
1357 947
2157 948
3501 949
3143 950
1013 951
1755 952
6 953
2867 954
1611 955
1393 956
2362 957
1082 958
2472 959
345 960
1355 961
1215 962
2237 963
1395 964
2048 965
3194 966
1263 967
3015 968
474 969
1730 970
3167 971
281 972
2109 973
2155 974
2167 975
1994 976
2877 977
2520 978
2524 979
3260 980
531 981
3546 982
558 983
1206 984
1010 985
1546 986
342 987
728 988
1643 989
3248 990
3157 991
910 992
1256 993
671 994
3448 995
1235 996
1238 997
1963 998
8 999
1275 1000
1162 1001
1073 1002
361 1003
741 1004
553 1005
1648 1006
610 1007
29 1008
1204 1009
2640 1010
2116 1011
2528 1012
316 1013
928 1014
965 1015
1249 1016
1371 1017
196 1018
931 1019
2183 1020
1344 1021
3230 1022
3033 1023
2403 1024
2094 1025
2615 1026
1333 1027
1407 1028
2747 1029
1917 1030
442 1031
173 1032
1037 1033
2178 1034
2034 1035
1982 1036
2181 1037
1343 1038
1732 1039
377 1040
519 1041
2450 1042
546 1043
2781 1044
905 1045
327 1046
2643 1047
2517 1048
2138 1049
1032 1050
3479 1051
2193 1052
2 1053
2143 1054
2161 1055
1967 1056
2239 1057
2243 1058
653 1059
3489 1060
1126 1061
2253 1062
837 1063
3439 1064
1172 1065
2409 1066
1566 1067
3584 1068
3590 1069
3591 1070
3529 1071
2912 1072
2959 1073
2829 1074
1792 1075
2894 1076
2334 1077
165 1078
1438 1079
170 1080
227 1081
1287 1082
465 1083
861 1084
1429 1085
1101 1086
1370 1087
2133 1088
2533 1089
2363 1090
2454 1091
2527 1092
2657 1093
2009 1094
2346 1095
3340 1096
426 1097
1334 1098
3555 1099
1924 1100
674 1101
10 1102
2082 1103
1644 1104
1353 1105
1266 1106
2961 1107
2724 1108
2668 1109
1347 1110
1128 1111
2787 1112
2148 1113
1970 1114
1330 1115
1971 1116
1972 1117
1995 1118
1389 1119
1969 1120
1983 1121
1986 1122
2460 1123
2465 1124
2122 1125
1976 1126
1978 1127
1980 1128
1985 1129
1988 1130
1326 1131
1977 1132
1979 1133
1981 1134
1987 1135
70 1136
1241 1137
1645 1138
3476 1139
2617 1140
1339 1141
724 1142
2279 1143
3264 1144
1717 1145
2328 1146
1771 1147
273 1148
532 1149
2898 1150
2389 1151
2107 1152
1999 1153
152 1154
177 1155
1342 1156
2125 1157
3259 1158
2443 1159
2801 1160
1569 1161
3358 1162
1059 1163
587 1164
543 1165
1888 1166
802 1167
105 1168
2297 1169
417 1170
852 1171
1722 1172
468 1173
3046 1174
2424 1175
222 1176
353 1177
2496 1178
266 1179
1441 1180
1541 1181
1629 1182
140 1183
1821 1184
691 1185
1593 1186
1457 1187
237 1188
3269 1189
550 1190
1894 1191
289 1192
736 1193
207 1194
447 1195
182 1196
168 1197
195 1198
3261 1199
2316 1200
1479 1201
3436 1202
499 1203
179 1204
64 1205
2774 1206
258 1207
15 1208
1556 1209
427 1210
1483 1211
1799 1212
218 1213
3331 1214
3405 1215
2406 1216
2991 1217
3107 1218
2058 1219
3082 1220
648 1221
3443 1222
490 1223
3256 1224
1047 1225
2115 1226
3441 1227
3444 1228
1552 1229
2278 1230
2006 1231
145 1232
2990 1233
494 1234
2476 1235
303 1236
1385 1237
3274 1238
1687 1239
552 1240
786 1241
434 1242
1488 1243
1833 1244
459 1245
1100 1246
1616 1247
1769 1248
2126 1249
379 1250
479 1251
2069 1252
986 1253
2474 1254
1639 1255
425 1256
2736 1257
535 1258
1099 1259
3129 1260
1226 1261
1216 1262
803 1263
2442 1264
2245 1265
1194 1266
1625 1267
3496 1268
1785 1269
2025 1270
71 1271
464 1272
1810 1273
3029 1274
571 1275
1872 1276
2624 1277
298 1278
1809 1279
476 1280
2331 1281
2114 1282
993 1283
3412 1284
3535 1285
315 1286
485 1287
3397 1288
204 1289
44 1290
172 1291
205 1292
2282 1293
1642 1294
1004 1295
160 1296
694 1297
1497 1298
1681 1299
1794 1300
502 1301
1626 1302
2081 1303
2807 1304
2097 1305
1465 1306
3481 1307
3174 1308
125 1309
183 1310
1060 1311
2268 1312
2077 1313
2330 1314
1057 1315
1805 1316
493 1317
1620 1318
1399 1319
22 1320
3247 1321
2764 1322
1958 1323
2697 1324
2561 1325
1598 1326
762 1327
81 1328
3079 1329
3099 1330
3112 1331
2294 1332
3507 1333
3518 1334
3398 1335
198 1336
1017 1337
991 1338
1177 1339
2112 1340
2137 1341
1633 1342
262 1343
1897 1344
2144 1345
366 1346
1236 1347
3370 1348
1788 1349
3100 1350
3576 1351
1286 1352
1619 1353
1427 1354
1476 1355
574 1356
2419 1357
2470 1358
241 1359
261 1360
1135 1361
1916 1362
190 1363
269 1364
2941 1365
1298 1366
1650 1367
431 1368
340 1369
1271 1370
2420 1371
3251 1372
1092 1373
1019 1374
1405 1375
3014 1376
1858 1377
2090 1378
988 1379
616 1380
2231 1381
3281 1382
164 1383
1454 1384
3395 1385
187 1386
1031 1387
1049 1388
16 1389
1518 1390
2247 1391
1516 1392
1683 1393
1913 1394
492 1395
1449 1396
1459 1397
808 1398
2779 1399
2425 1400
2262 1401
2168 1402
2518 1403
1605 1404
2385 1405
3034 1406
1542 1407
3272 1408
1447 1409
2173 1410
450 1411
3102 1412
3173 1413
317 1414
700 1415
2625 1416
410 1417
1365 1418
2626 1419
488 1420
2725 1421
707 1422
1783 1423
748 1424
435 1425
3032 1426
1306 1427
849 1428
1762 1429
3024 1430
2530 1431
2532 1432
692 1433
2531 1434
3572 1435
611 1436
2091 1437
3401 1438
3573 1439
880 1440
1862 1441
3574 1442
1588 1443
3392 1444
2862 1445
59 1446
2921 1447
2032 1448
2918 1449
3360 1450
2371 1451
2352 1452
1175 1453
2203 1454
1069 1455
3406 1456
799 1457
1562 1458
524 1459
381 1460
2416 1461
3385 1462
2752 1463
36 1464
2860 1465
2880 1466
1615 1467
112 1468
577 1469
761 1470
2322 1471
836 1472
1744 1473
2153 1474
2645 1475
2761 1476
141 1477
2708 1478
2748 1479
3512 1480
3301 1481
954 1482
3519 1483
932 1484
3341 1485
2835 1486
3020 1487
288 1488
996 1489
3430 1490
95 1491
208 1492
1382 1493
1499 1494
2522 1495
60 1496
2883 1497
2711 1498
3093 1499
1209 1500
1283 1501
2922 1502
1008 1503
964 1504
368 1505
1378 1506
2478 1507
416 1508
3000 1509
2993 1510
163 1511
2344 1512
1772 1513
2367 1514
2475 1515
2735 1516
2616 1517
2468 1518
1606 1519
462 1520
1262 1521
314 1522
2970 1523
3168 1524
3153 1525
2135 1526
2822 1527
158 1528
1085 1529
2405 1530
2088 1531
2043 1532
2950 1533
595 1534
1526 1535
1033 1536
1025 1537
2936 1538
2015 1539
586 1540
2098 1541
1016 1542
3503 1543
2204 1544
3419 1545
2511 1546
2917 1547
2110 1548
1791 1549
2023 1550
3083 1551
1147 1552
3384 1553
2937 1554
2248 1555
495 1556
946 1557
2996 1558
1948 1559
2721 1560
2907 1561
978 1562
2057 1563
936 1564
1035 1565
52 1566
382 1567
2283 1568
481 1569
3061 1570
2618 1571
248 1572
2836 1573
2766 1574
489 1575
413 1576
2718 1577
3244 1578
2844 1579
2704 1580
937 1581
3118 1582
1996 1583
828 1584
953 1585
2383 1586
3491 1587
639 1588
1845 1589
2290 1590
2696 1591
2136 1592
156 1593
3451 1594
2145 1595
2261 1596
838 1597
2295 1598
3087 1599
1485 1600
3506 1601
3497 1602
2539 1603
2870 1604
2567 1605
2356 1606
3120 1607
2558 1608
371 1609
2469 1610
2780 1611
2372 1612
2072 1613
2793 1614
1440 1615
3045 1616
2796 1617
2374 1618
2375 1619
2413 1620
1474 1621
1461 1622
3343 1623
2891 1624
305 1625
2259 1626
2473 1627
19 1628
1381 1629
419 1630
3074 1631
2621 1632
2398 1633
1892 1634
73 1635
1545 1636
1997 1637
1873 1638
1693 1639
2154 1640
832 1641
114 1642
225 1643
2269 1644
89 1645
233 1646
1835 1647
1290 1648
2340 1649
3073 1650
1666 1651
1043 1652
2292 1653
565 1654
842 1655
2784 1656
742 1657
879 1658
1130 1659
2554 1660
328 1661
1341 1662
2782 1663
330 1664
1327 1665
2459 1666
2519 1667
220 1668
1346 1669
2121 1670
2149 1671
1388 1672
2451 1673
2338 1674
2113 1675
2163 1676
2119 1677
2430 1678
3036 1679
2370 1680
3345 1681
2537 1682
2851 1683
3062 1684
2273 1685
517 1686
3165 1687
1752 1688
2741 1689
20 1690
2276 1691
3442 1692
2506 1693
351 1694
46 1695
362 1696
2120 1697
2327 1698
2655 1699
2789 1700
2902 1701
1984 1702
1329 1703
2092 1704
2005 1705
2252 1706
2139 1707
2033 1708
2123 1709
1881 1710
1030 1711
1190 1712
678 1713
1635 1714
1095 1715
412 1716
1411 1717
1302 1718
3371 1719
1935 1720
2577 1721
1651 1722
1507 1723
2166 1724
1178 1725
2162 1726
3389 1727
2373 1728
501 1729
3317 1730
3262 1731
3538 1732
1227 1733
3206 1734
2792 1735
85 1736
2284 1737
2488 1738
662 1739
2551 1740
229 1741
2803 1742
259 1743
1184 1744
1425 1745
180 1746
104 1747
542 1748
719 1749
1410 1750
2423 1751
2066 1752
2940 1753
746 1754
1009 1755
2550 1756
2788 1757
2457 1758
2525 1759
386 1760
304 1761
3238 1762
3040 1763
3452 1764
1218 1765
69 1766
88 1767
433 1768
1390 1769
513 1770
2587 1771
3186 1772
376 1773
387 1774
886 1775
1672 1776
2404 1777
2815 1778
3225 1779
3440 1780
3416 1781
80 1782
668 1783
363 1784
2041 1785
2188 1786
2861 1787
3513 1788
1361 1789
3338 1790
3004 1791
3588 1792
2885 1793
3374 1794
55 1795
3459 1796
3534 1797
3500 1798
3502 1799
1224 1800
1202 1801
3138 1802
2397 1803
2738 1804
2749 1805
2417 1806
2418 1807
2942 1808
1251 1809
3076 1810
154 1811
1362 1812
2925 1813
3135 1814
3283 1815
3420 1816
2932 1817
2535 1818
2051 1819
3428 1820
2394 1821
3536 1822
3484 1823
1547 1824
1487 1825
3250 1826
2250 1827
3477 1828
1895 1829
3478 1830
3480 1831
3466 1832
2240 1833
1848 1834
1583 1835
1920 1836
1750 1837
491 1838
2432 1839
1515 1840
159 1841
1699 1842
2437 1843
507 1844
929 1845
506 1846
14 1847
3366 1848
1103 1849
3066 1850
2232 1851
2800 1852
1856 1853
2078 1854
161 1855
1279 1856
1401 1857
144 1858
518 1859
3284 1860
647 1861
2440 1862
848 1863
1186 1864
2399 1865
3189 1866
2170 1867
1359 1868
2665 1869
423 1870
2314 1871
1667 1872
2928 1873
1422 1874
2306 1875
2445 1876
2180 1877
743 1878
533 1879
445 1880
13 1881
2505 1882
801 1883
365 1884
1627 1885
2429 1886
540 1887
575 1888
2498 1889
370 1890
1417 1891
2052 1892
1665 1893
2977 1894
2354 1895
415 1896
3387 1897
191 1898
2521 1899
87 1900
2974 1901
2566 1902
1445 1903
3054 1904
747 1905
2386 1906
1942 1907
2612 1908
3347 1909
973 1910
917 1911
3163 1912
1946 1913
82 1914
2969 1915
444 1916
3182 1917
3327 1918
2846 1919
2905 1920
3134 1921
3091 1922
3096 1923
670 1924
2935 1925
2731 1926
681 1927
1927 1928
1131 1929
2210 1930
2202 1931
934 1932
976 1933
3304 1934
897 1935
1277 1936
2068 1937
1064 1938
2929 1939
2184 1940
2212 1941
941 1942
3047 1943
1840 1944
970 1945
2040 1946
2379 1947
3310 1948
12 1949
3368 1950
1609 1951
3475 1952
982 1953
1245 1954
1933 1955
944 1956
3110 1957
2495 1958
3585 1959
2633 1960
171 1961
2060 1962
3249 1963
581 1964
309 1965
1932 1966
277 1967
147 1968
564 1969
1589 1970
1034 1971
2927 1972
41 1973
523 1974
1660 1975
538 1976
2171 1977
846 1978
645 1979
322 1980
1624 1981
271 1982
57 1983
1836 1984
35 1985
1841 1986
1816 1987
1051 1988
408 1989
580 1990
94 1991
1943 1992
632 1993
718 1994
3115 1995
63 1996
2967 1997
3557 1998
3010 1999
1759 2000
2351 2001
2310 2002
1053 2003
621 2004
2345 2005
1023 2006
1844 2007
2820 2008
97 2009
3078 2010
1701 2011
2192 2012
72 2013
1829 2014
2976 2015
3211 2016
1596 2017
3158 2018
2479 2019
3298 2020
2285 2021
2590 2022
3188 2023
2661 2024
2422 2025
2884 2026
2106 2027
383 2028
1472 2029
1804 2030
2956 2031
521 2032
3409 2033
3266 2034
1523 2035
1743 2036
1310 2037
77 2038
2689 2039
297 2040
3178 2041
3335 2042
2265 2043
2141 2044
101 2045
1257 2046
663 2047
2500 2048
2447 2049
2249 2050
3243 2051
3254 2052
3544 2053
166 2054
65 2055
2380 2056
2381 2057
3391 2058
3495 2059
1112 2060
893 2061
1563 2062
175 2063
3437 2064
2435 2065
697 2066
2037 2067
2806 2068
1866 2069
925 2070
2101 2071
2267 2072
1464 2073
451 2074
2583 2075
335 2076
1754 2077
257 2078
360 2079
2062 2080
1498 2081
1463 2082
2497 2083
804 2084
1475 2085
2597 2086
270 2087
276 2088
2586 2089
1675 2090
422 2091
482 2092
2320 2093
554 2094
1003 2095
2326 2096
990 2097
132 2098
79 2099
640 2100
3516 2101
3600 2102
3564 2103
3602 2104
3520 2105
3604 2106
3605 2107
3608 2108
3610 2109
3457 2110
2156 2111
3200 2112
1414 2113
1937 2114
635 2115
2436 2116
516 2117
1021 2118
1113 2119
1621 2120
1919 2121
1688 2122
1018 2123
3355 2124
1161 2125
3399 2126
1205 2127
239 2128
2924 2129
2275 2130
704 2131
393 2132
3213 2133
2084 2134
1739 2135
1973 2136
126 2137
3433 2138
3434 2139
3258 2140
2733 2141
1167 2142
203 2143
234 2144
193 2145
3390 2146
3349 2147
76 2148
3614 2149
1746 2150
1936 2151
3587 2152
2073 2153
2669 2154
3525 2155
725 2156
3217 2157
2647 2158
3486 2159
2667 2160
3375 2161
242 2162
1925 2163
2939 2164
1684 2165
1468 2166
613 2167
84 2168
206 2169
2579 2170
1255 2171
2636 2172
511 2173
559 2174
2293 2175
556 2176
2536 2177
2649 2178
103 2179
2663 2180
332 2181
3488 2182
2656 2183
2637 2184
2638 2185
2634 2186
2814 2187
2646 2188
2652 2189
2654 2190
1337 2191
2651 2192
841 2193
2568 2194
2260 2195
3007 2196
3271 2197
1105 2198
3069 2199
1421 2200
2988 2201
835 2202
2573 2203
2493 2204
3565 2205
612 2206
1456 2207
122 2208
1599 2209
2582 2210
2368 2211
2783 2212
1331 2213
2740 2214
2868 2215
1655 2216
2790 2217
606 2218
3598 2219
3559 2220
3606 2221
3415 2222
3311 2223
3456 2224
1046 2225
1406 2226
214 2227
334 2228
1116 2229
1901 2230
3142 2231
1875 2232
2365 2233
2029 2234
2865 2235
1535 2236
414 2237
569 2238
3372 2239
2540 2240
547 2241
1067 2242
3324 2243
3103 2244
291 2245
3593 2246
421 2247
2453 2248
3145 2249
3038 2250
3533 2251
615 2252
3532 2253
240 2254
956 2255
2653 2256
2131 2257
2983 2258
1076 2259
2650 2260
927 2261
962 2262
775 2263
2847 2264
1160 2265
347 2266
2682 2267
2753 2268
1024 2269
3275 2270
2195 2271
456 2272
1511 2273
1446 2274
1733 2275
3106 2276
3328 2277
2246 2278
3221 2279
3570 2280
3571 2281
389 2282
1324 2283
2516 2284
2315 2285
352 2286
324 2287
1904 2288
1612 2289
2007 2290
570 2291
3049 2292
452 2293
2236 2294
829 2295
1613 2296
477 2297
268 2298
409 2299
215 2300
806 2301
2639 2302
1670 2303
1753 2304
3339 2305
2893 2306
2607 2307
3465 2308
2888 2309
184 2310
2978 2311
881 2312
1854 2313
135 2314
1000 2315
3031 2316
278 2317
312 2318
813 2319
473 2320
833 2321
438 2322
472 2323
275 2324
1550 2325
1604 2326
2317 2327
2027 2328
2992 2329
3013 2330
1998 2331
2903 2332
3021 2333
2878 2334
3490 2335
1989 2336
3487 2337
1068 2338
2187 2339
3316 2340
3445 2341
2242 2342
3577 2343
3510 2344
3041 2345
458 2346
3431 2347
3432 2348
2896 2349
2055 2350
487 2351
3427 2352
2458 2353
809 2354
2606 2355
3077 2356
121 2357
3402 2358
1865 2359
1123 2360
2659 2361
2182 2362
2017 2363
1571 2364
2099 2365
3199 2366
3414 2367
2263 2368
3235 2369
116 2370
2585 2371
709 2372
3393 2373
2151 2374
1647 2375
798 2376
2594 2377
2507 2378
781 2379
2281 2380
1352 2381
869 2382
210 2383
650 2384
2272 2385
9 2386
467 2387
189 2388
3425 2389
1703 2390
1812 2391
1900 2392
1585 2393
525 2394
1857 2395
505 2396
267 2397
2610 2398
2798 2399
449 2400
984 2401
3394 2402
2879 2403
711 2404
217 2405
3042 2406
1692 2407
2483 2408
1432 2409
3268 2410
2714 2411
1450 2412
2562 2413
2856 2414
2744 2415
1640 2416
957 2417
1152 2418
181 2419
1495 2420
2817 2421
667 2422
1720 2423
839 2424
2899 2425
1011 2426
2050 2427
2142 2428
631 2429
2079 2430
1654 2431
2035 2432
960 2433
2205 2434
2589 2435
255 2436
2549 2437
2952 2438
3423 2439
2264 2440
3141 2441
2515 2442
2452 2443
2982 2444
1992 2445
2462 2446
1993 2447
891 2448
3367 2449
2816 2450
627 2451
1929 2452
2938 2453
1477 2454
1460 2455
2962 2456
3292 2457
2773 2458
3622 2459
769 2460
1758 2461
484 2462
2045 2463
888 2464
3144 2465
2695 2466
3492 2467
238 2468
3578 2469
3509 2470
3286 2471
96 2472
3137 2473
1015 2474
1317 2475
1398 2476
2382 2477
1322 2478
2892 2479
2095 2480
2255 2481
3043 2482
987 2483
807 2484
1600 2485
3232 2486
2044 2487
1837 2488
710 2489
470 2490
102 2491
321 2492
1695 2493
3556 2494
3012 2495
1896 2496
3417 2497
2776 2498
2630 2499
1428 2500
3620 2501
2177 2502
2523 2503
1363 2504
1496 2505
3299 2506
1631 2507
1669 2508
302 2509
131 2510
1482 2511
3287 2512
3483 2513
544 2514
548 2515
2889 2516
1898 2517
201 2518
463 2519
2504 2520
3403 2521
3579 2522
3554 2523
3617 2524
3596 2525
3618 2526
3537 2527
3580 2528
3597 2529
3619 2530
3326 2531
2169 2532
1826 2533
1677 2534
2350 2535
2681 2536
2767 2537
2691 2538
3048 2539
2257 2540
2786 2541
2799 2542
2756 2543
3223 2544
83 2545
1484 2546
2853 2547
1860 2548
3214 2549
536 2550
3109 2551
23 2552
1906 2553
3218 2554
2965 2555
3613 2556
37 2557
638 2558
1564 2559
74 2560
301 2561
469 2562
1632 2563
779 2564
2165 2565
685 2566
2548 2567
1668 2568
2426 2569
3063 2570
3599 2571
61 2572
436 2573
18 2574
1658 2575
209 2576
93 2577
2809 2578
567 2579
2727 2580
1154 2581
854 2582
850 2583
669 2584
1351 2585
263 2586
3531 2587
2849 2588
1050 2589
563 2590
715 2591
343 2592
3539 2593
2305 2594
155 2595
3562 2596
782 2597
3586 2598
390 2599
3313 2600
211 2601
1404 2602
254 2603
78 2604
882 2605
424 2606
1044 2607
346 2608
1473 2609
2482 2610
3306 2611
2596 2612
528 2613
3309 2614
2196 2615
1869 2616
3563 2617
1867 2618
2307 2619
1853 2620
2128 2621
2325 2622
1592 2623
486 2624
656 2625
1679 2626
1439 2627
867 2628
453 2629
174 2630
2552 2631
810 2632
1798 2633
118 2634
331 2635
2190 2636
3127 2637
2449 2638
2876 2639
885 2640
2280 2641
716 2642
478 2643
1436 2644
626 2645
243 2646
3511 2647
2494 2648
618 2649
1661 2650
1686 2651
391 2652
998 2653
1662 2654
1824 2655
2812 2656
732 2657
1532 2658
283 2659
1601 2660
2271 2661
510 2662
2201 2663
100 2664
3553 2665
3566 2666
1870 2667
443 2668
3357 2669
3319 2670
3185 2671
1910 2672
2810 2673
2047 2674
336 2675
3639 2676
3634 2677
764 2678
197 2679
503 2680
633 2681
68 2682
2461 2683
1325 2684
1328 2685
1191 2686
294 2687
2341 2688
1767 2689
498 2690
703 2691
354 2692
167 2693
522 2694
27 2695
2400 2696
2256 2697
3344 2698
3026 2699
3633 2700
3638 2701
3635 2702
2614 2703
760 2704
1323 2705
202 2706
896 2707
2514 2708
1335 2709
2347 2710
2818 2711
3464 2712
1232 2713
2026 2714
3624 2715
2031 2716
3177 2717
3643 2718
3628 2719
3514 2720
1038 2721
3515 2722
3446 2723
3027 2724
3629 2725
3645 2726
1119 2727
483 2728
3594 2729
1525 2730
1756 2731
1990 2732
2754 2733
3453 2734
2049 2735
3181 2736
3470 2737
3636 2738
3644 2739
1822 2740
1426 2741
1164 2742
1902 2743
3240 2744
3623 2745
2323 2746
1349 2747
1336 2748
3241 2749
2833 2750
3117 2751
1151 2752
2008 2753
1087 2754
2886 2755
2737 2756
3474 2757
1180 2758
847 2759
997 2760
2679 2761
3122 2762
1928 2763
2981 2764
2984 2765
1849 2766
876 2767
1117 2768
1671 2769
1508 2770
1114 2771
1501 2772
53 2773
313 2774
3612 2775
2834 2776
38 2777
3190 2778
2499 2779
3668 2780
3615 2781
2674 2782
3684 2783
3671 2784
3683 2785
274 2786
117 2787
228 2788
99 2789
75 2790
3712 2791
3676 2792
128 2793
3704 2794
3702 2795
2446 2796
3649 2797
3697 2798
3706 2799
3654 2800
3681 2801
3686 2802
3708 2803
3703 2804
3685 2805
3688 2806
3698 2807
3700 2808
2342 2809
392 2810
3682 2811
3701 2812
3637 2813
3689 2814
3690 2815
2593 2816
583 2817
3699 2818
3707 2819
3675 2820
3693 2821
2843 2822
3320 2823
2897 2824
1889 2825
3711 2826
2086 2827
1121 2828
1169 2829
1313 2830
3567 2831
3581 2832
1770 2833
1782 2834
359 2835
1514 2836
3660 2837
3627 2838
3653 2839
3705 2840
3669 2841
3207 2842
753 2843
1415 2844
3632 2845
3713 2846
3678 2847
2831 2848
2945 2849
3677 2850
568 2851
3672 2852
369 2853
602 2854
219 2855
136 2856
137 2857
2103 2858
56 2859
146 2860
54 2861
2559 2862
90 2863
603 2864
877 2865
566 2866
771 2867
1749 2868
3473 2869
617 2870
406 2871
1420 2872
3680 2873
3674 2874
113 2875
3661 2876
3673 2877
2904 2878
3092 2879
2215 2880
1054 2881
3691 2882
250 2883
3055 2884
3679 2885
1656 2886
3692 2887
2339 2888
3715 2889
385 2890
974 2891
3139 2892
2211 2893
958 2894
3171 2895
755 2896
3215 2897
3670 2898
3710 2899
3740 2900
3724 2901
3730 2902
3731 2903
3732 2904
3716 2905
3733 2906
3734 2907
3729 2908
3735 2909
3738 2910
2209 2911
1903 2912
2227 2913
2221 2914
2185 2915
1728 2916
264 2917
1533 2918
3742 2919
3723 2920
3663 2921
3664 2922
3709 2923
106 2924
1696 2925
824 2926
3728 2927
619 2928
40 2929
2994 2930
3741 2931
1922 2932
1458 2933
3658 2934
384 2935
1423 2936
2627 2937
831 2938
3400 2939
2785 2940
3736 2941
1814 2942
2244 2943
1486 2944
375 2945
2755 2946
1715 2947
992 2948
2074 2949
2632 2950
1489 2951
3454 2952
1725 2953
1551 2954
3694 2955
3646 2956
609 2957
244 2958
722 2959
3714 2960
3665 2961
3662 2962
1063 2963
3648 2964
3659 2965
3696 2966
939 2967
3727 2968
3626 2969
1437 2970
811 2971
2778 2972
3725 2973
754 2974
2477 2975
1887 2976
411 2977
1055 2978
2191 2979
3717 2980
3667 2981
1534 2982
1817 2983
705 2984
3655 2985
1531 2986
3744 2987
2850 2988
2207 2989
2197 2990
2481 2991
1455 2992
1071 2993
1549 2994
2933 2995
3726 2996
2813 2997
3739 2998
1893 2999
2298 3000
1859 3001
1509 3002
3540 3003
3657 3004
3640 3005
863 3006
3719 3007
2837 3008
1879 3009
3124 3010
3302 3011
1567 3012
793 3013
3745 3014
1502 3015
3652 3016
119 3017
3754 3018
3763 3019
3746 3020
496 3021
310 3022
2824 3023
1864 3024
3751 3025
3303 3026
3753 3027
3764 3028
1170 3029
3781 3030
3782 3031
3766 3032
3771 3033
3773 3034
149 3035
3760 3036
665 3037
3770 3038
3758 3039
2855 3040
3743 3041
3769 3042
3183 3043
2158 3044
1793 3045
1153 3046
3642 3047
3737 3048
3025 3049
3768 3050
2534 3051
2332 3052
3780 3053
394 3054
2486 3055
1807 3056
2175 3057
2509 3058
3116 3059
600 3060
3774 3061
3463 3062
2864 3063
3752 3064
3791 3065
3784 3066
2914 3067
3788 3068
3767 3069
3695 3070
1538 3071
3789 3072
3755 3073
3792 3074
2200 3075
526 3076
1144 3077
3239 3078
1026 3079
1899 3080
2056 3081
1384 3082
3720 3083
1369 3084
3333 3085
698 3086
3718 3087
3747 3088
3765 3089
3775 3090
3778 3091
2179 3092
2964 3093
864 3094
3569 3095
1574 3096
430 3097
3064 3098
251 3099
2963 3100
598 3101
3783 3102
1718 3103
3759 3104
2979 3105
1490 3106
1311 3107
3050 3108
659 3109
1565 3110
2219 3111
2775 3112
3002 3113
3776 3114
178 3115
1002 3116
1850 3117
1493 3118
3058 3119
49 3120
3276 3121
3785 3122
3346 3123
2854 3124
3757 3125
3761 3126
2675 3127
3192 3128
2304 3129
1880 3130
2931 3131
3222 3132
2658 3133
561 3134
2544 3135
1926 3136
1539 3137
3180 3138
1575 3139
560 3140
2930 3141
1433 3142
200 3143
1741 3144
664 3145
2569 3146
966 3147
1890 3148
3721 3149
1825 3150
279 3151
2164 3152
2234 3153
1572 3154
1174 3155
1312 3156
1181 3157
2444 3158
726 3159
124 3160
3812 3161
3806 3162
3814 3163
3809 3164
3811 3165
3819 3166
108 3167
3813 3168
3802 3169
3799 3170
3121 3171
3801 3172
3810 3173
1878 3174
3807 3175
2873 3176
3804 3177
3818 3178
1163 3179
3817 3180
3793 3181
1520 3182
3790 3183
3787 3184
1664 3185
3795 3186
2129 3187
1519 3188
860 3189
3749 3190
2839 3191
287 3192
844 3193
2063 3194
3166 3195
3003 3196
3803 3197
3616 3198
3798 3199
751 3200
3318 3201
3808 3202
397 3203
2189 3204
3794 3205
3805 3206
3797 3207
1570 3208
3841 3209
3786 3210
3832 3211
3834 3212
3835 3213
3836 3214
3844 3215
3840 3216
3846 3217
1659 3218
3849 3219
2666 3220
3845 3221
3831 3222
3822 3223
3796 3224
3777 3225
2466 3226
3843 3227
3821 3228
3837 3229
3839 3230
3820 3231
3827 3232
2760 3233
2635 3234
2777 3235
3816 3236
3641 3237
3847 3238
3838 3239
2923 3240
3351 3241
3833 3242
3848 3243
2743 3244
1138 3245
1168 3246
1529 3247
3825 3248
874 3249
3850 3250
1811 3251
972 3252
2913 3253
1780 3254
767 3255
2487 3256
3611 3257
1891 3258
2608 3259
1522 3260
3826 3261
3161 3262
2998 3263
3293 3264
652 3265
148 3266
3824 3267
3864 3268
3859 3269
3861 3270
295 3271
3056 3272
3823 3273
3625 3274
980 3275
2934 3276
3866 3277
2673 3278
3140 3279
3592 3280
460 3281
1685 3282
3869 3283
3873 3284
3858 3285
3877 3286
3410 3287
2388 3288
3868 3289
3872 3290
2830 3291
1383 3292
3870 3293
1098 3294
3871 3295
3860 3296
2705 3297
3875 3298
3666 3299
2415 3300
3857 3301
2557 3302
3523 3303
3863 3304
815 3305
3830 3306
3884 3307
3852 3308
3880 3309
2233 3310
3874 3311
3878 3312
3886 3313
129 3314
2602 3315
3879 3316
3882 3317
630 3318
3001 3319
3851 3320
2911 3321
245 3322
3855 3323
3867 3324
3865 3325
3853 3326
2765 3327
2631 3328
1444 3329
3568 3330
614 3331
1058 3332
3897 3333
3893 3334
3889 3335
3925 3336
3926 3337
3927 3338
3936 3339
3937 3340
3938 3341
3939 3342
3940 3343
3941 3344
3942 3345
3908 3346
3917 3347
3918 3348
3919 3349
3921 3350
3922 3351
3930 3352
3901 3353
3920 3354
3903 3355
3895 3356
3910 3357
3915 3358
3932 3359
3929 3360
3896 3361
3898 3362
212 3363
3928 3364
3923 3365
3931 3366
3909 3367
3916 3368
2538 3369
3911 3370
3894 3371
3914 3372
3948 3373
3883 3374
3947 3375
3885 3376
3913 3377
2768 3378
3162 3379
3952 3380
2545 3381
3924 3382
3946 3383
1796 3384
3934 3385
3945 3386
3943 3387
3854 3388
3935 3389
3933 3390
2769 3391
3949 3392
2464 3393
3902 3394
3950 3395
3944 3396
3891 3397
3900 3398
3154 3399
3951 3400
3184 3401
2061 3402
98 3403
3912 3404
3906 3405
3892 3406
1040 3407
1543 3408
1622 3409
1636 3410
1471 3411
1930 3412
3245 3413
3905 3414
3862 3415
3756 3416
