655 1 2 3
1053 4 2 5
727 3 6
568 3 7
698 3
953 8 9 10
681 3 6
999 4 2
2386 8
1102 8 4 10
566 3 7 6
1949 3 11
1881 1 2
1847 7
1208 8 4 6
1389 7 10
27 7 6
2574 10
1628 3
1690 8
573 8 3 7
1320 9 7 10
2552 10
330 7 12
391 7 6
575 7
2695 7
375 6
1008 4 12
620 7
595 7
413 7 12
28 2 3 7
1985 7 6
1464 7
2557 13
2777 3
943 3 6
2929 7
1973 7 14
617 8 9 7
338 7
1290 8 4
52 3 7
1695 7 6
909 9 10
160 1 2 15 6
3120 7 6
51 9 10
1566 3
2773 7
2861 2 3
1795 7
2859 4 2 5
1983 7
58 7 6
1446 7 16
1496 4 2 5
2572 7 10
560 7
1996 3
1205 3 6
2055 3
471 12 10
2682 3 6
1766 3
1136 8 3 9 11 10
1271 8
2013 3 7
1635 7 15
2560 7 6
2790 3 7
2148 12 10
2038 13
2604 7
2099 7 10
1782 7
1328 9 7 6
1914 7
2545 7
2168 3 7
1736 7 6
355 4 7
1900 2 3
1767 3
1645 8 10
2863 7
643 7 10
2577 3 6
1991 7
1491 8 10
2472 3
2009 7
3403 8 10
2789 13
2664 7 10
2045 3
2491 3
2179 10
1747 3
1168 7 6
2924 3 7
148 4 2 3 15
3167 13
523 8 7 14
64 7 10
1468 8 4 9
2875 7 16
1642 7
2370 13
2787 9
2634 3 6
3017 3
2357 7
2208 3 6
773 7 16 6
3160 7
1309 3
2137 4 2 5
2793 13
3314 3 6
2510 7 6
2098 10
2314 3
2856 13
2857 13
1183 7 6
1477 3
1858 3
1232 8
2860 4 2
1968 7
3266 7
3035 9 7 10
36 7
799 7 6 14
1154 11
734 8 4 3 9
1811 7
2595 7 14
1593 3
707 3 14
1528 4 2
1841 7
1296 8 4 16 12
1855 7 10 14
53 13
1511 8 6 10
1383 9 17 16 10
1078 8 10
2054 3 7
2693 7
1197 8 4 7 6
645 4 2 7
1080 8 9 10
1961 3
1291 8 12 10
1032 8 4 12
2630 3
2063 7
476 3
1155 11
3115 3
1204 7 6
1746 3
2419 8 2
1196 7 6
1310 10
2310 7
450 12 10
723 3
1386 3
926 11
2388 3
1363 10
1898 7
2145 7
549 7
1198 3 7 6
1018 11 12
2679 7
1336 8 9 12
159 7 15
3143 10
2518 7
2706 7 6
2143 3
1289 8
1292 3 7
2169 13
1194 7 6
1492 8 4
2576 7
2383 18
2601 7
3363 3
8 7
2227 7
2300 7 6
692 3
2405 7 10
1213 3 7
2855 7
1668 11
1176 7 6
242 3
583 3 7 6
1643 7 10
1081 8
2788 3
1741 7 10
570 7 10
705 3
185 3 7
1646 7
2144 3
46 3 7
689 3 6
1188 3 6
2468 4 2
2128 1 2 3 6
2254 10
1359 2 7
2162 7 15
2646 3
2958 1 2
3322 9 7
30 13
47 7 5 6 10
1572 3
536 7 6
2883 2 3
3099 8
714 3 6
614 7 11
2603 7
2436 3
470 3 12
2078 16 10
1207 4 2 3 5 6
1743 9 7 10
123 8 4 5 12
1360 7
1343 2 7
2586 7
2917 7
39 7 6
1179 7 6 14 18
2397 3
2298 7
1364 7
2087 7 6
1982 7
875 7
1148 7 11
2786 3
2324 3
2088 3 6
1967 7
2317 3
3151 7
577 7 10
972 7
63 7
2659 9 7
3192 3 6
1488 8 10
1192 3 6
65 9 7
2245 10
792 8 7 10
540 9 7 6 10
2687 3 6
3271 3 6
314 9 7
2040 7
1278 3
328 7
34 7
2561 7 6
2509 7 6
1236 8 4 18
1761 3 7
1625 3
519 7
524 7
640 7
1965 7
3022 3
2318 3
2774 1 2
1522 7
1286 8
1013 8 4 12
1414 2 3 5
17 7
935 10
586 17 10
2492 7
1980 3 7
2287 3
759 3
24 7
1046 8 3 15 12
1661 11
434 8 4 12
1664 3 11
2635 7
2181 11 12
695 3
2228 7
2076 16 10
2675 7 14
550 7
444 12 10
796 3 6
1369 4 7
904 7
987 3 6
2592 2
534 3
960 3 7
2608 7 15
2266 7
54 3
786 8 4 10
600 7 16 10
1694 3 7 6
2286 3
1177 8 6 10
2692 7
728 2 3
180 3 6 14
67 3 6
551 7
2835 3 7 6
2079 8 3
1003 7 6
1696 4 2 6
1784 13
142 1 2 15
1884 7
1346 11
673 3 9 5
1505 8 3 18
2853 7
1890 3
1609 3 7
706 3 7
547 10
752 2 3
2945 7
1773 8 10
1040 8 6 10
693 3 6
1250 8 12
791 8 4 3 6
1460 7
1567 7 11
2028 18
2935 8
2890 7
1760 7
1774 8 3
662 7
2282 7 6 14
2599 8 3 7
2652 9 7
2810 4 2
2132 8
3054 8
3203 11
464 8 12
2871 7
285 11 10
1989 7
2299 7
1417 3
2977 3
1716 7
1576 3
2237 3
1896 3 10
1508 18
1170 3 6
629 7
1630 3
760 8 3
2247 4 2
2091 10
1870 8 10
2606 7
1256 7 6
1097 11 12 10
1210 16 6 10
939 7
761 3
3097 7
1368 9 7
745 3 18
1768 3
1242 8 4 9
1425 3 12
2573 7 10
754 3
2322 8 3
678 3 6
898 3
1031 8 12
2668 13
1916 3 6
1880 3
48 7 6
1195 3 6
42 7
2400 3
1411 3 7
2074 7 16 6
2293 7
2629 3
552 7 10
631 4 2 7
2272 7
621 8 10
2346 7 18
1245 8
3281 3
364 7 6
1520 8 4
2519 9 7 10
1272 8 4 9 10
1083 8 7 14
721 8 3 14
2387 3
1173 3 6
2562 7 6
2490 3
116 3 6
2323 3 7
2320 3 14
969 8 10
543 7
1280 3 7
2297 7
2643 3
1251 8
414 8 4 12
1569 7 10
2092 10
2728 7
2462 4 2
1287 8 3
2624 3
2351 3 18
1420 7
1575 3
1223 10
1838 7
1395 3 16
1317 8 9 7
1234 8 10
1556 7
3021 3 7 6
937 3 6
2690 7 6
1203 3 6
680 3
1729 7
1301 8 2
2680 7
426 8 12
2396 3
1846 7
1844 8 7
55 7
581 7 6
2662 7
2173 8 7
438 11 12
1770 3 16 6
458 3
554 7
2117 3 7 14
1686 8 7 16
1859 3
1041 12 10
740 3
2032 9 10
2694 8 7
1974 7
1459 7
2394 7
3076 7
15 7 14
2613 7
880 7
981 2 7
1149 3 9 11
1879 8
933 7 6
1258 7
2550 7
729 3 7
1976 7
691 3 6
1887 10
388 17 12
1748 3
1165 3 6 10
2514 8
1043 8 4 2 12
2241 8 4 10
2515 8
37 13
1190 3 6
919 2 3 15
1240 8 4 3
1005 18
2094 10
876 8 9 6
2176 13
983 8 4 1 2 5
2174 3
3140 7
3134 10
38 3 7
2590 7
1969 3
1654 11
2866 3 6
2579 7
2851 3 7
2238 2 3
2291 3 7
1275 7
6 7
1356 3 7
1888 2 3
1469 4 2
1990 7
1964 13
2817 3 7
715 3
1540 2 3
1164 3 6 10
137 1 2 3 15
56 8 12 10
541 4 7 18
784 8 4 9 7
2 7 10
656 1 2 15
1534 1 2 15
894 1 2
686 3 6
3101 3
515 18
3060 10
2854 13
2864 3
615 7 6
2218 11
22 9 7 10
2957 4 2
1007 8 4 1 11 12
1436 8 11 12
2206 3
2167 7 6
3331 7 10
2252 7
1380 1 2
2870 7
2649 3 6
2928 3
2004 7
2645 3
2451 7 10
896 7 10
3318 7 6
2429 1 2 15
1993 14
2681 3
2115 3 7
743 3
2558 6
1588 3
2100 7 10
1979 7
1861 7 14
1221 8 4 16
16 3 7
2384 7
3265 16
1059 8 4 5
2625 3
3109 9 10
153 1 2 15
1739 10
2047 3
3145 3
3037 14
2422 8
1783 7
2584 7
1924 7
994 3 12
720 4 1 2 3 5
1101 4 12
1713 7 10
850 12
1927 9
2566 7
751 8 4 3 14
1185 3 6
1433 8 12 10
1297 8
603 16 10
2066 7 6
3086 7
1415 3
189 7
2691 7
2131 8 4
2984 3
1422 9 17 10
690 3 6
2372 1 2
2489 3
2404 4 2
882 18
2591 7
2642 9
1994 3 12
1749 3
369 1
2959 13
1142 7 11
2156 3
3159 7
988 3
884 16 10
2657 9
782 8 4 10
663 3 11
1193 8 4 6 10
472 8 12
1004 1 12
1657 11 10
1878 3
370 1 3 10
1754 17
1905 3
1424 8 12 10
124 12 14
3200 3
2843 3 7
2974 4 2
2896 2 7
20 13
2704 14
1470 4
1327 3 9
2678 7 6
630 3 7
623 7
3255 7
2460 13
2867 3 7
2263 11
538 7
2564 7 6
787 8 12 14
2379 7
2597 10
156 1 2 15
716 3
297 3
1241 8 10
436 3 5 6 12
3013 7
2376 8 4 10
1457 3 11
419 7 16
1883 2 3
1167 7 6
1263 6
2084 3 6
572 7
2301 7
2484 3 6
1398 4 2
2354 8 4
2632 2 3 5
2971 3
2319 3
3305 8 16 10
737 3
2926 7
1584 4 2
2295 3 15
699 3
2938 7
1641 7 10
2321 3
2202 7
1472 8 4 10
1063 2 3
1597 3 7 6
2424 8 10
920 3
2193 11
1655 11
3193 7
1978 7
2759 3 7
1863 7
1428 8 4 12 10
2583 9 7
601 7
1171 3 6
2582 7
1 8 9 7
3189 3
1084 8 10
885 7
3006 3
3094 3 7
43 9 7 6 10
2628 3 9
2382 9
764 3
3249 9 7
592 7
2767 8
2865 7
1658 11
1440 12 10
2312 2 3
2605 7 10
2640 2 7 5
1775 8
2464 1 2
2448 11 10
902 3 7 6
2061 7
2707 7
1935 4 14
392 3 6
135 15 6
132 15 6
150 3 15
390 7 6
161 16 10
162 16 10
1045 3
171 16 10
95 3 15 6
198 7 10
105 3 7
992 3 9
108 3 16 6 10
12 7 6 14
163 17 16
129 15 6
120 3 6
117 3 6
1911 2 7
133 15
13 4 2 7 15
178 7 6 14
608 3
394 17
177 7
125 7 16 12 10
2070 4 6
175 7
2261 3
1014 6 10
1845 10
69 17 6 10
1019 16 6 10
1484 6
92 3 6 10
1932 3
96 3 15
1564 3 6
1581 3 6
152 15
2967 3 7
609 8 4
1942 4
172 9 17 16
942 7 6
1956 7
111 3 15 6
1557 3 7 14
72 3
891 7
312 7
166 16
89 3
114 4 3
1585 7
1482 7
79 3
2255 7 6
2417 7
2894 3 16
290 7
2433 9 7
556 7
2262 9 7
138 15
1504 18
1015 10
3147 7
532 18
315 11 12
638 8 4 6 14
1945 3 7
432 7
3252 7
1910 7
2891 7 6
1933 6 14
1562 7
3275 8
1953 7
2401 3 7
1253 4 2
2483 7 6
1379 3 7
2097 8 4 10
1338 7 14
2948 10
1283 7
648 7
1489 8 7 18
2760 7 10
2653 8 9
874 9
2315 9
3116 3
2095 7 10
1295 8 10
756 2 3
618 7
393 2 3 18
1503 18
1755 4 2 5
985 2 3
2426 4 2 3
741 2 7
951 2 7
103 2 3 7
2474 4 2
1542 2 3
1337 4 2
2123 2 3 16
1374 4 2 5 12
694 3
2118 2 3
136 1 2 15
2006 1 2
2269 1 2 15
1537 1 2
3079 2 7
619 7
85 2 3 15
932 1 2 15
1711 4 1 2 15
1387 4 2 15
1050 1 2 15
1536 1 2
1971 9
1565 15
612 8 10
1033 8 12 10
2721 7
3407 7
466 7
700 3
1652 7 6
2607 7
2225 7 6
1225 8 10
1388 8 4
2589 13 7
1988 7
2003 9 7
2881 7
2978 10
467 7
1315 3 15 6
3332 7
1163 7 6
1311 3 7
555 9 7
2963 7
1938 1 2 3
94 3 15 6
2242 3 15 6
2338 9 17
1455 17 10
2993 6 14
1002 4 2 3 5
2259 10
518 3 12
104 3 14
182 3
410 3
149 3 15
958 7
157 3 15
895 9 7
1529 4 7
170 16 10
2754 15
154 15 6
57 9 10
808 7 14
867 3
1373 16 10
263 7 15
50 7 6 14
1715 7
613 7
127 2 7 5 12
3294 3
1259 7
1246 8 6
1086 8 6
1849 7
403 7
2198 11
33 13
2060 8 7
2119 3
2771 7
2229 7
2768 7
2727 7
565 7
2828 7
2360 13
832 7
119 3
1061 3 5
779 8 4 12 10
1111 11
800 8 4 12 10
1659 11
1929 7
465 7
1361 3
186 3
3245 13
3077 13
1552 13
183 1 3
446 7
2752 1 3 10
2418 9 17 10
3046 17
2581 17
2265 3
2125 7
1001 3
3179 7
2742 7
2142 3
3246 11
2829 13
3029 8
801 3
1065 3 7 6
845 7
3155 3
1453 3 12
474 7
1339 7
1725 7 14
544 9 7 17
2758 3
3157 8
607 7 6 14
1744 3 14
521 7
1864 7
860 7
115 3 6
803 13
1712 7
2686 13
371 13
195 7
1266 3
372 8 4 7 12 14
87 8 4 3 6
368 8 4
475 12
477 8 12 10 14
604 8 18
1801 3
226 7
1009 4 14
2127 8 1 2 12 10 14
984 12
202 7
248 7 14
1500 18
126 8 4 6 12 14
90 3 7 6
164 16 10
274 9 7
417 8 11 12 10
962 8 4 3 11 12
1262 4 6
440 7 14
1765 8 10
380 11 10
146 8 3 15
193 8 9 7
778 8 7 14
91 1 3
1800 7 14
200 7
1261 3 6
1733 9 7 10
408 7
70 3 6
213 7
2713 16 12
237 8 7 14
497 3 9
996 3
1347 3 7
176 7
997 3
457 8 12 10
1137 3 11
522 8 7 14
531 3 7
80 3 7 6
1954 7
819 7
397 7 6
389 9 17 10
1016 10
196 7 14
1809 7
18 17 16 10
498 7 12
509 4
2171 3 11
993 3 14
2046 3
530 11
275 4 3 7
593 9 17 10
802 8 4 3 11
1521 4 14
967 7 14
548 8 7 16 6 10
106 3 6
1106 18
190 17 10
567 7
78 3 16 10
101 3 12
1370 7
664 7 14
797 3 7
484 4 1 12 10
1000 8 4
81 3 7
1936 8 7 6
510 3 11
1856 3 7
537 7
374 3
134 1 2 15
1501 18
165 17 16
812 3
1352 7 6
1082 8 4 7
292 3 7 15
856 13 14
1648 7 6
828 8 4
888 3
253 7
75 3 14
771 7
654 7 6
893 3
1366 7 15 14
201 7 14
805 7
658 12
1718 7
402 4
99 8 3 18
823 7
1427 7 12
659 3 6
2037 13
3107 3
3156 7
2830 9
2475 3
452 8 11 12 10
824 11
2478 11
2705 11
2283 11
2684 11
1131 11
1665 11
2685 11
1703 11
1115 3 11
2213 11
940 11 10
1027 11
1098 11 12
2709 8 11
2748 11
2191 11
1141 11 6
636 11
1662 11
1156 11
1038 10
1021 17 10
535 11
1669 11
1110 11
384 11
2747 11
915 11
2585 7
2381 9 10
1105 3 6
660 7
961 11 10
430 8 4 12
947 7 6
44 7 10
1868 4 2 3
1789 13
1812 7
2504 7
1418 7
553 7
711 2 3
3084 7 10
1087 8 10
1017 8 4 12
425 8 4 12
502 8 4 12
478 8 4 12
485 8 4 12
486 8 4 12
712 8 4 3 9
1506 8 3 18
717 8 3 18
147 3 15 6
1629 3 15 6
1493 8 7
3292 8 12
3082 7
1237 8
181 8 11
1672 8 11
1119 8 11
1769 3
453 8 3 12 14
35 3 7
956 7 6
807 3
964 3 7
431 9 7 12
511 7
2476 6 14
1319 7
1857 7
2602 9 7
1375 1 3
2226 7
1028 11 10
783 8 6 14
704 3 6
1750 3 7
1717 7
401 7
366 7
2113 3
2844 9 7 6
158 7 15
1891 7
7 7
2872 13
2200 13
1874 16 10
2936 7
1745 3
2741 2
1354 10
2500 7
1085 8
747 8 3
2409 8
3142 3 11
2644 3
2970 7
1079 8 10
2627 3
1615 3
1180 3 6
590 7
3329 3
1903 3 14
2274 3
1409 9
1396 3
2412 14
750 3 6
1384 3
2992 3 6
2207 3
1187 3 6
2933 6
1397 16 10
2455 2 3 16
1622 3
2082 3 6
2073 16
1306 7
558 9 7
2166 3 6
3411 7
2029 9 10
2609 8 3 9 7
1621 2 3
2085 6
1355 3 7
2454 6
1201 8 6 10
591 8 7 10
2511 3 7
1211 7 10
2546 16
1600 3
2944 7
1825 7 15
1243 8 7 10 14
2951 1 2 15
3106 3
3118 6
730 3
2420 8 4 2
2505 7 6
1298 8
2081 7 6
1494 8 4 10
666 3 9
2772 9
3015 6
732 3
527 7
1723 7 14
2770 7
3002 7
2273 3
336 3
2836 6
1840 7 10
1392 3
670 3
1390 8 10
3188 7
3182 6
3260 7
2035 8 9 6
2730 8 4 2 5
1535 3
428 8 12
3247 7
2986 7
2658 3
2918 7
2982 7
2236 7 6
40 3
3071 4 2
3137 3 9
1181 3 6
1407 3 7 6
3408 7
448 8 4 12 10
1636 7
986 3
1824 2 7
2994 7 6
2325 3 6
2954 4 2 7
1229 8 4 10
41 7 6
1209 8 6 10
1458 8 4 9
2062 7
2559 3 6
3110 3 10
1067 4 1 2 3 15
3012 7
1161 3 6
3208 12
2364 3 6
3154 7
443 8 12 10
3096 6
3139 7
429 8 4 3 12
739 3
708 4 2
1835 2 5
411 7 12
2393 3
616 8 7 14
847 8 4
1443 2 3
1970 9 7 16
463 8 16 12 10
421 8 4 12 10
2623 2 3
1186 3 6
514 7
646 4 2 7
2017 7
917 8 16 6 10
1326 9 7 10
2209 8
2485 7 6
2660 9 7 17
744 3
449 12 10
2326 8 3
1404 4 6
1519 8 4
788 8 10
1951 7
929 8 10
955 7
2289 3
2296 7
682 3
1467 4 10
1247 8 10 14
32 9 17 16 10
1353 7 14
1318 9 7 10
2120 7
3409 3 7
357 11
1981 7
1267 16 10
1302 8 7 10
1885 8 9 16
1182 3 6
2507 10
2563 3 6
1342 7
1714 7
3410 8 10
1255 7 6
2416 3
68 3
1294 3 7
989 7 6
1104 11 16 10
1138 9 11 16 10
736 3
2375 9 10
1006 3 7 10
25 13
1367 7
1722 7
424 7 12 10
2431 2 7 5
2216 11
2886 6
479 13
2575 6 10
3218 7
1975 7
2650 10
2654 9
831 3
3185 7
1893 3
1651 6
1872 8 7
2568 7
2508 6
2303 7 14
2769 9
1776 7
918 7
305 7 6 10
2090 9 10
793 8 4 12 14
2534 3
936 7
2626 3
174 7 6
1299 8 4
542 7
1393 7 6 10
2165 6
3282 6
2651 9 10
1239 8 10
2122 1 2 15
724 3 16
445 8 11 12
2407 11 12
1639 7
60 7
2493 7
2925 7 14
1842 7
2011 3 7
722 2 3 5
2390 3
49 7
762 2 3
596 3 9 7 16
697 2 3
2947 10
1145 11 10
3103 10
385 7
2423 8 4 12
204 7 6
1172 8 6 10
2953 7
633 7
576 7
2916 7
579 9 7
970 7
765 3
1039 3 9 16 10
2275 7 6
11 3 7
569 7 6
2135 8 2
3144 7
2036 13
1473 8 4 10
2150 3
582 3 7
415 17 12 10
2868 6
1837 4 2 5 12
1688 8 10
2304 3
2077 8 16 10
952 6
2731 11
2461 7
2000 7
749 3 15
1429 8 11 12
2689 7 6
1248 8 10
2833 6 10
1147 11
1513 8 3 15
687 3 6
461 4 12 10
3254 13
2834 3 6
1423 17 16 10
539 3 7
1269 8 9
1349 8 7
1549 9 7
1075 8 10
3045 3
1300 3 7
3384 8 7
642 13
2633 10
1212 9 7
624 8 7 6
2030 9 7
1316 9 7 16 10
725 4 2 3
3056 7
1279 3 9 7
1273 7
3251 7
2391 2 3 7
2942 7
1987 3 7
2983 3 7 6
1184 3 6
2740 2 3
2655 3 10
3150 8 7
2533 4 2
675 3 13
2014 7 6
451 8 12 10
1244 8 7 10
61 7 10
1647 6
1984 7
2488 3
757 3
1944 7
1986 7 10
2007 7
1589 3 10
869 7
1834 4 2 3 5
2766 4
3117 7 6
2620 3
2313 3 6
731 3
1853 13 15
2395 3
1377 8 3
3001 7
2548 7
1441 11 12
738 3
3024 3
2359 13
2069 8 3
2618 8 4
2616 8 10
2667 3 7
1276 7
1638 7
526 3 6
2232 3
427 8 7 12 10
3174 3 6
3009 7
3130 7
1710 4 1 2 5
187 8 12
207 3
625 3 7
454 3 7
2976 4 3
1166 3 7 6
2825 10
3148 7
3258 11 10
1634 16 10
2999 7
1191 4 3 6
1829 3 7 6
2496 3
1344 7 6
2517 7 14
3080 4 7
2392 7
2230 13
2743 7 6
2912 3
2288 3 7
2553 3 6
934 1 2
422 16 12 10
2672 8 3 9
257 3
887 8 9 6
1394 7 16
709 3 7
1362 8 3 7
1030 8 4 12 10
584 8 3 9 7
2121 2 3
1836 1 2 5 14
945 12 10
2932 7
671 3
1100 11 12
2163 7 6 14
3136 15
1928 14
2763 18
2452 7
3412 7
455 4
1966 15
1955 7
110 3
1720 7
2151 7 14
2114 3
211 7
280 7 14
250 7
251 7
1907 7
1992 7
710 7 6 14
210 9 7
1913 7 6
140 15 6
1559 3
212 7
281 7 16
141 15
282 7
303 8 9 7 10
661 8 7
931 7
327 7
528 7
1323 3 7
317 7 6
810 7 14
4 7
598 7
998 3
167 7 16
500 3 12
635 3
1056 4 2 5
946 3 7
1120 11
1114 11
1116 11
1117 11
2136 11
857 11
809 11
1126 11
1132 11
1127 11
1133 11
1128 11
1134 11
1036 11
1121 11
1702 11
1129 11
1122 11
1135 11
1130 11
2336 11
2732 11
843 11
2445 11
2447 11
976 11 10
1118 11 10
1583 11 10
1637 11
2331 11
1153 11
775 8 3 9 7
913 8 3 9 7
602 8 3 9 7
844 3 11
701 3 11
1705 4 2 5
1231 8 4 6
2290 3
2753 9 7 17
1094 12 10
365 12
493 3 12
439 3 12 18
334 8 4
899 2 3
1539 2 3 5
742 2 3 18
2363 2 5 15
912 1 2
5 8 7
468 7 6
494 5 12
839 7
1550 8 9 7
367 7 16
1270 7 6
2714 11 10
2328 3 9
26 8 7 14
2234 3 6
2716 2 3
1448 2 3
1708 1 2
1035 12
2432 2 3
746 2 3
2067 4 2 3
245 2 3 12
1946 2 3
1785 8 4 2 3
753 2 3
1532 4 2 5
2487 3
2463 4 2 7 6
416 4 2 12
2674 2
965 1 2
2735 3 15
2427 4 2 3
1819 4 2 3
1892 2 3
462 2 3 12
499 4 2 3 5 12
2350 3 18
3081 4 2
1563 4 2
1219 8 10
605 2 7
1962 3
3402 13
2080 7 6
3194 7 6
525 3 13
879 3 7 6
1752 17
66 7 6 14
1937 7
1252 7
348 7
941 7
1613 3
2153 3
2949 7
386 7 14
814 7 16
1313 4 2
1854 1 2 3 15
2430 2 7
155 1 2 3 15 6
1303 1 2 3 15 6
1103 2 3
143 2 15
2134 2 15
881 1 2
2827 7 5
128 1 2 5 15
1531 4 3 15
849 1 2
1378 1 2
1437 2 12
1704 1 2 15
335 4 2 5 12
1025 8 4 12
2480 2 3
151 1 2 15
1305 2 11
1541 2 3
2365 4 1 2 15
833 3 5 6
2071 4 7
650 1 2 3 15
2858 4 2
897 7
488 8 4 5 12
2027 7 14
1152 11 10
684 3 6
973 3
1548 3 9 10
846 3
1340 9 7
1675 11 10
1282 7
1226 8 4
1011 4 1 2 12
489 7 12
928 11 10
1677 11
1697 7 11
1670 11 10
1125 11 10
1709 1 2
679 3
1157 7 6
1249 8 9 16 10
2621 3
3187 13
651 9 7 6
2257 7
194 7
1088 4 3
842 3
1526 4 15
1592 3
1341 1 2
1049 1 2 7 5
1707 1 2
490 2 5 12
2044 1 2 3
2428 1 2 3
1054 4 5 6
1345 3
1595 3 7 6
179 7 6
243 7
1113 3 11
1671 3 11
818 3
2374 3
763 2 3
1474 8 4
1640 7 6
974 3
2111 3 7
948 6
3044 9 11
900 9 11
878 11 10
1055 4 2 5
1726 4 2 5
1676 3 11
3152 7
2565 7
1724 7 6
975 8 4 11
1402 7 6
2532 3
1867 8 3
1977 3 7 6
1410 4 5 12
109 3 5
3057 7 6
903 10
2502 3 10
1034 10
3092 10
1877 10
1037 10
2362 7 17 10
1020 10
1940 16 10
2915 10
399 17 10
2339 16 10
1786 7
3204 1
2636 7
2979 3
2012 7
1052 8 4 5
780 8 9 7
2271 3
2615 8
2990 7
3075 7
2663 7
1931 7 10 14
1454 17 10
1544 10
2434 3
168 16 10
2989 7
169 3 16 6 10
2911 9 10
1930 10
2893 10
1941 10
2880 3 6
3111 16 10
2914 10
2913 10
1381 9 7
1851 12 10
3310 7
3153 7
2294 7
963 7
304 3 7
1057 3 7
1833 7
866 3
2342 7
1058 3 7 6
2943 3 6
1265 3 7
2278 3
1391 3
1555 3 7 6
2050 3
1827 7
1706 3 7
1062 8 3 5
2481 3
2697 11 12
2540 3 6
1626 3 6
2195 8 9
1596 3
1401 3 7 6
2368 10
2440 7
2043 4 3
726 3 6
2072 16 10
1312 9 7
1644 7
2661 7
2385 7
1685 8 10
2130 8 4 12
1691 7
1230 8 9 10
1143 11 10
2641 9
2380 9
1293 3 7
1568 7
1737 7
2021 7
837 3
921 12 10 14
610 8 11 12 10
118 3 7
1590 3 7
545 7 6
1653 6
2175 7
1332 1 2
1598 3
758 3
1169 7 6
3000 10
84 3 15
830 3
665 3
293 7 15
3129 7
2594 7
1875 3
2619 8 7
2002 7
492 16 12
815 7
637 7
1871 7
2285 11 10
1200 7 6
2327 3
287 3
2093 7 10
870 3
1471 8 4 12 10 14
2746 13
45 3 7
2622 3
2096 7 10
1698 11
1146 11
772 7
1314 13
1281 3 6
3052 9 7
288 7
1077 8 10
735 3
271 7
359 7
1674 11 16 10
2888 3 6
1649 6
2688 7
2809 3
1512 8 4 7 10
2005 7
1095 12 10
2710 8
813 7
806 3 10
2535 3
2001 7
1452 3 7
789 8 10
1895 1 2 3
669 1 2 3
1606 3
405 7
922 3
381 7
588 3
957 7
1090 8 12
503 8 12
2233 8 12
557 8 4 11
1514 8 4 11
2211 8 4 11
838 3 6
1680 8 4 7
1451 3
1612 3
1728 8 4
1618 3 7
1619 3
208 8
916 11 12
855 3
1947 3
2056 3
2057 3
2477 3
1586 3
3 2 3
1405 3 6
1906 7
733 3 9
3288 7 6
1151 9 11 10
299 3
62 9 10
300 3 7
437 8 12
1821 1 15
340 3
23 3 6
1803 7
1633 7
1865 4 2 5
2696 2 7
914 18
868 8 14
1024 8
1777 8 14
1530 8 4 3 6
1216 8 4 3 6
487 3 12
504 3 12
1066 8 7
858 8 7
859 8 7
644 8 7
1620 3 16
173 8 4 16
3300 7 6
1461 3
1806 3 7
1807 3
1357 7 10
1371 7
872 8 4 7
2025 8 4 7
1751 3
1175 3 6
1400 9
2569 3 7 6
907 8 7 14
205 11 12
1886 4 2 7
1678 4 2 7
632 3 7
1839 7
241 7
264 7
2065 7
2116 3
1843 7
313 7
1862 7
597 7 18
1264 7
1159 7 6
3158 3 7
1876 7
2796 10
2049 3 7
469 11 12
2638 4 2
1042 4 2 12
1673 11
2443 11
2248 7 5
1091 11 12
480 11 12
505 11 12
1758 8 3
2353 3 9
1666 11
1123 11
2683 11
2446 11
834 3
3393 11
1124 11
3226 7
886 16
1518 8 3 6 10
1610 3 6
1358 4 3
864 4 3
959 3
1627 3
1254 7
1515 8 16 10
1235 8 14
2975 4
1507 3 18
2019 7 10
2991 7 6
2610 3 6
2408 3 11 10
342 3 6
3055 7
3256 8 3
1738 7 11 10
316 8 10
343 3 6
216 3
2204 7
2648 13
1958 1 12
1178 3 6
2083 6
1889 3 12
2779 3
2048 3
224 7
318 3 6
14 7
2520 3 7
1882 10
1693 3 7 6
2378 3
3058 3
1546 9
804 7
865 11
2708 11
2442 11
2284 11
1048 11
1403 3
1667 11
978 7
1899 7
1495 7
2503 7 10
979 8 7
1759 8 11 12
767 12
1092 8 12 10 18
1012 8 4 12
652 8 12
1431 8 12
1434 8 12
1432 8 12
1089 8 12
3051 8
1818 8
2177 7
1682 4
3369 13
1603 3
2240 8 9 7 10
255 7
667 3 9 10
3135 7
3381 3
256 7
2567 11
2437 8 12
1756 11 10
1740 7 10
2631 3
861 11 12 10
1660 11 12 10
230 3
3302 7
1608 3 6
2862 1 2
337 7 11
1325 9 10
2413 7
130 15
1902 1 2
1605 3
2194 8 9
3146 7 6
908 7 6
412 8 12 10
219 3 6
2203 7
319 3
268 7
1721 3 7
2170 7
59 9
320 3 6
2210 8 3
2075 16
2371 7 6
2089 3 9 10
1771 3
2435 3 7 6
2022 7
2816 3
2377 7 6 12
2612 3 7
2086 3 6
329 3
269 3
358 8 12 10
3315 4 12
270 9 10
2355 3 11
2307 7
3259 10
400 7
2398 7
910 7
1908 7
491 8 11 12
2703 8 11 12
1026 4 12
1517 8 9
1140 8 4 11 10
1571 3
901 7 6
1632 7 6
82 3 5
1277 7
1416 8
1419 3 7 6
2937 13 7
406 8 4 5 12
298 3 6
2499 7
3328 3 17 10
2950 7
1960 11 6
2186 11
3234 11
2172 11
2184 11
2185 11
2302 7
1010 8 4 12
501 8 4 12
506 8 4 12
1047 8 4 12
611 11
1475 11
2188 11
2158 11
404 11
2178 11
2260 11
2192 11
2189 11
2256 11
2190 11
1699 11
2183 11 12
1093 3 11 15 12
3133 12
2361 3 13
433 12
2024 12
676 8 12 14
2180 12
418 11 12
1869 12
3220 12
2160 12
1109 11 12
2154 14
768 14
98 3 6
351 7 12 10
3278 7
2782 7
3127 3 7 6
284 7 10
398 13
259 7
2761 7 6
2536 3 6 12
2267 7
220 3
339 7 16
905 1 2
574 7 10
2039 13
286 3
2538 7
31 8 9 6
352 13
234 3
2466 7
1591 3
1324 3 7 6
221 8 3 12 10
347 1 3
360 8 12 18
353 7
1580 7 6
3297 7
222 3
223 10
1478 6
713 2 3
235 11
1498 7
277 7
301 11 10
2411 7
354 3 6
184 3 11
851 3 11
1577 3
289 11 10
755 8 4 2 3
1560 6
260 8 12 10
324 8 4 3
1108 3 6
1421 7
587 9 17
2580 17
215 7
774 7
512 7
1926 7
409 7
2141 4 3
310 7
1516 8 4 3
1257 3
2756 8
1804 3 7
677 7
2214 11
1689 8 10
3244 7
2415 7
836 7
112 3 11 15
1029 3 11
1479 8 4
1805 7 16
822 3 7
852 3
1463 3 16
2268 10
2733 11
2946 7
2543 8
278 7
333 7
261 3
3233 7
1476 1 2
29 10
769 8 10
1322 9 7 10
3327 3 7
1574 3 7
2537 3
3378 3
3391 9 16
236 3
244 7
262 3
2458 7
1206 3 6
3112 7
2498 13
3235 7
2972 10
1399 3
1611 3 11
1044 11
1663 11
2212 11
1656 11
2940 11
2541 3
1112 11
1757 3
1700 11
2217 11
83 3
1735 3
1614 3 11
853 3
871 3
1617 3
911 3 5
2399 3
2542 3
1852 1 2
1160 7 6
840 8 6 10
1742 10
77 3 7
307 3 6
2068 3 10
1304 8 12
459 8 12
2578 3
2673 1 16
2656 8 10
2997 13
2187 11
1778 8 14
2450 8 14
2421 8 14
2711 8 14
647 10
2008 7
1527 4 6
3023 13
217 8 11 10
218 12 10
266 2 3
1074 3 7
3291 7
2848 7
2750 6 14
2776 3 6
1486 8 10
1573 3
3008 3 6
3191 7
344 10
345 10
229 9 7
2822 3 6
1579 7 16
1919 2
2264 7
513 7
2588 3 7
2988 7 10
1683 4 12 10
825 7
2547 11
3124 11
3040 11
2414 10
144 1 15
21 3 7
396 13
1465 3
1787 3 7
1445 7
86 3 15
3063 3
2235 3
877 7
954 3 11
2215 11
1604 3
794 4 10
817 8 7 5 6
3176 7 16 6
927 3
606 7 16 6
2639 1 2
977 7 15
2334 11
2403 8 4 3
1466 8 4 3
254 8 10
295 7
1497 3
2026 3 6
1793 7 6
2755 2 3
2309 3 6
2516 3
249 7 14
1624 3
2479 8 7
2306 8 7
1076 7 6
2349 18
2824 3 14
1150 11 16
2425 4 1 2
308 11 12
321 11 12
1701 11 10
2332 11 10
2878 7
1920 8 4
331 7 6
1561 3
622 7
3321 7
1072 8 9 7
3253 3
3067 3 7
827 3
423 8 4 12 10
1547 9 10
1449 3
252 7 6
456 7 6
1447 18
1502 18
3240 3
2129 8 3
1813 7
685 3 7
1972 7 6
1873 7
1939 7
3141 13
3131 7
1817 7
2995 7
3276 15
1925 3 6
1538 3
1554 3
2453 7
2164 7 10
1753 17
1365 15 6 14
1808 7 6
892 7 6
781 8 14
2849 16
145 3 15
668 8
862 8
776 8
1533 4 7 6
777 8 18
2438 9 10
748 2 3
2031 8 9 10
1073 7
1107 3 7
2456 3 6
3100 9 7
3093 7
2555 8
599 7
1997 7 10
482 4 5 12
1915 7 6
1523 4 7
529 15
387 7 14
447 3
1901 11 10
231 7
2015 7 11
1894 3 7
2311 3 6
3105 7
2764 13
2444 11 10
2258 10
2765 13
483 8 9 12
460 8 9 12
356 4 1 17
2201 7
835 8
1233 8
1217 8
2329 11 10
1510 8
2930 7
283 11
1558 7
232 3
3263 6
1509 8 4 1
3319 7
3113 13
3196 3 7
1791 3 6
228 10
197 7
2196 13
294 10
1999 7
890 7
2495 3
2330 3 11
1376 3
968 10
240 11
863 11
674 11
562 9 7
1487 8 7
2333 11
71 3
1430 11 12
3049 18
2699 11
2724 11
121 3
1274 8 7
383 3 7 18
2316 3
1426 12
1023 3 12
1406 1 2
100 3 7 14
1679 4
113 3 7 18
2250 7
811 3
1763 3
2345 3
2406 3
2482 3
938 16 6 10
1616 3 7
1174 3 6
1943 7
2539 3
2292 3 14
3108 7
272 7
507 3
306 7 14
1904 1 2
2884 10
3272 10
3119 11 12
924 3 7
1570 3 15
1684 8 7 14
2570 10
3098 10
1850 14
395 3 7
246 7
2199 7
816 4 3 12
873 7
93 3
1650 7 6
1631 18
441 10
1810 3
2356 13
2010 7
1329 7
341 11 6
1220 8 10
1551 3 7
718 3
1599 3
73 3
442 7
508 7
1922 7 14
2879 7
1499 7 18
702 7 6
247 7
1923 3
889 3 6
703 7
1330 3 6
1350 7
821 10
1412 10
2244 7 6
770 8 4 3 9
795 7
2276 7 6
1218 8 7
546 3 7 6
2551 7
1957 7
9 7
1331 7
267 8 10
349 1 2 3
1995 7
3059 7
2751 7 6 14
1582 7
1607 3
3171 17
2762 7 6 18
3010 3 7
361 7
2637 7
379 7
1260 3 7
533 3
657 3
74 3
1921 7 14
1814 7
2473 8 14
1802 7
2892 8 4
3279 3
2441 7
2231 13 15
950 7 14
2465 3 6
2249 7
766 3
302 7 10
191 7
373 16
634 7
291 7
1525 8 4 5
3399 7 14
580 7 6
435 3 7 12
991 2 3
2018 7
276 1 2 15
296 7
3262 7
3379 3 7
1912 7
1687 8 7
3195 4
971 7
1524 4 7
854 7
2895 7
1413 7
1308 3 7
97 4 3 12
350 7 16 10
2717 3
2041 7
362 7
3138 3 7
2736 7
1917 13
3043 7
3401 8 3 9 7
2671 7
1772 7
2023 13
1866 3
2778 4 12
3128 7
966 7
199 7 14
790 8
653 7
2366 3 15 6
2112 3 7
325 7
258 10
883 10
1734 6
2842 4
696 8 3
798 3
2016 7
2133 1 2
2549 7
2897 7
2157 7
2554 7
322 10
2279 7
3132 7
2544 7
377 7
1779 3 6
1022 10
2486 3
2369 3
1762 10
3078 3
2744 3
2749 3
2051 3
1578 3 6
3413 7
559 7
1321 3 9
990 3
1963 10
1826 7
1372 7 16
578 7
672 3
2052 3
571 3 7
1224 8 10
626 8 7 6 10
2140 3
1158 7 6
980 7
1199 3 7 6
1731 7 16
688 3
1144 3 11
378 8 9
2034 8 3 9 7
719 8 10
2410 8 3
1189 4 6 12
238 7
2197 7
1408 9 7
346 11 16 10
1238 8
2270 8 3
3121 3
1382 13
925 3
1815 8
1860 3 6
233 4 7
2471 3
2512 1 2
19 7
2457 17
3264 7 12
944 7
2020 7
2506 3 7
332 8 12
1481 3 9
3011 3
3026 13
1934 9 7
2611 3
376 3 7 6
906 3 7
2614 3
1948 8
2223 18
2600 3
2340 8 10
1730 3 7
3201 10
2670 7
2823 3 6
2243 3
323 3 7
2531 3 12
1918 13
2277 9 7
363 7
239 7
1214 7
3085 7
594 9 7 17 10
2042 9 7
1790 13
2305 14
1096 11 12
1485 3
563 7 14
1623 3 7 6
2698 11
1681 4 2
3123 11
1909 7
2147 3
923 7
3241 11
309 12
2124 10
2669 7 6
1162 3 6
214 7
1450 7
517 3
227 3 9 7
102 3 7
589 9 17
420 18
1848 8 4 14
2449 14
1950 6 18
1348 7 10
1719 7
2239 8 14
1794 7
2161 12
311 7
1553 8
1462 3
561 7 16
1897 3
848 3
1727 8 4
2146 4
2058 3
1444 3
2373 3 5
2402 3 6
1385 3
107 2 3
1288 2 3
1335 2 3
2126 2 3
2939 1 2
1438 4 12
2358 7
2521 7 10
785 8 7
1215 8 7
1456 8 4 14
265 7
2033 7 10
3287 3 7
1284 4
2367 6
2222 7
1781 7
2497 4 3 12
520 8 7
1545 3 9
1816 7 10
76 3
820 3 6
2439 7
326 3 7
2389 7
564 7 6
2352 9
1820 7
407 1 3
1490 8 7
2347 8 7
2348 8 7
2138 8 7
2139 8 7
585 9 17
1202 7 6
2064 7
206 8 2 5
1064 8 2 5
1780 8 2 5
1227 8 14
1692 8
1222 8 7 10
1228 8
2341 16 10
2723 3
473 7
995 3 7 14
829 7
683 3
1594 3 7
1764 8 6
2734 7 6
2952 3 6
2224 7
2110 7
1796 7 11
516 4 7 10
382 3
3062 3
2712 12 10
2308 7
1832 3 5
273 7 18
209 7
203 7
2737 4 7
122 7 12
2869 3
2757 12 10
1952 7 6
1139 11 16 10
1828 3 7
1830 7
1051 4 5 6
1831 7
1307 3
2513 1 2
1823 10
2159 12
2337 18
2182 11 12
1060 4 5
2335 11
1587 3
2467 4
930 4 18
2059 3 7
1268 7
1602 3
639 7
649 11
1798 3 7
949 3 6
1799 7
1543 7 12
225 3 7
10 10
1601 3 7
1333 3
188 18
2470 7
2344 7 10
2647 3
1480 7 6
1788 7 10
2720 7
2722 3
2101 3 6
1334 7 10
1483 8 14
2105 3
627 3 9 7
3303 8 10
841 3 6
2155 3
279 3 7
481 8 12 10
628 7 6
1071 9 10
2587 3 7 6
2253 3
2251 7
1797 3
1285 3 11 10
1822 3 6
2527 3 7
1732 3
2593 13
3003 6 10
192 3 7
2053 3
131 15 14
982 7 10
495 7
88 3 7
139 15
641 11
496 10
826 3
2665 7 10
2523 7 6
1099 8 10
2494 3 7
1998 10
2220 7
2596 3 7
2617 8 11
2103 2 3
2205 3 7
2666 3 7
2831 3
3330 7
3095 3 7
2280 7
2281 7
1435 11 12
1439 11 12
1442 11 12
1351 8 11 12
2343 7
2469 8 7
2522 7
2528 7
2832 7
1068 8 7 6 10
1959 4 14
2598 7
2152 11
1792 9 7
1069 3
1070 3 7
3280 1 12
2246 8 12
2729 7
2525 3
2529 3
2219 7
2571 3 15
2102 3 15
2104 15
2106 15
2107 7 15
2221 15
2108 3
2109 15
3257 1 2 3
2775 4 15 6
2556 3
2149 3 6
2781 1 2
3198 3 6
2524 3
2526 3
2530 3
2501 3 7
2459 3
2745 8 10
2715 8
3274 13
2969 3
2838 11 10
2719 8 7 14
2725 3
2845 3
2700 8
2677 10
2702 8
2738 7
2813 7
2701 8 6 12
2676 8
3005 3 7
3237 7
3047 18
2718 8 7 14
2739 18
2726 7
2956 3
2964 11 12
2797 7
3016 11
2839 13
2800 8 7 14
2985 7
3004 7
2934 12
2965 12 10
2837 11 12 10
2876 11 12 10
2962 11 12 10
2921 11 12 10
2922 11 12 10
2961 11 12 10
3299 11 12 10
2981 8 3
2780 7 6
2841 3
2898 14
2784 3 18
2852 4 2
2877 4 2
2874 4 2
2820 15
2792 7 11
2850 13
2847 7
2885 13
2873 13
2801 18
2811 18
2785 7 17
2783 7 6
2805 3 7 6
2802 10
2806 3
2814 3
2815 3
2882 3
2887 3 11
2821 3 11
2955 3 11
3070 3 11
2966 3 11 12
2798 8 12 10
2807 8 4 12
2818 4 7 6 12
2808 7 12
2812 9 7 12
2795 8 12
2804 8 12
2794 8 12
2840 8 4 6 10
2799 17 16 10
2819 7
2803 11 10
2923 11
2899 8 3
2826 7
2791 3
2846 7
2960 7
2889 3
2905 8 9
2980 8 9
3087 13
3007 3 6
3083 7
3149 3
2920 7
2901 7 14
2973 1 15
2996 8 10
2968 3 11
2927 10
2908 8 9
2902 7 16
2903 7 10
2904 11
2906 7
2907 7
2909 9 7
2941 7
3048 7 18
2910 7
2998 3 6
2900 8 3
2931 9 7
2919 7 14
3041 3 6
2987 8 9
3014 4 1 12
3020 7 14
3088 7
3190 7
3025 1 2 3
3064 3
3027 8 7 14
3018 1 2 3
3073 8 4 10
3416 7
3125 11
3039 7 12 10
3104 1 2 15
3036 3
3126 9 7
3019 8 9 10
3028 8 9 10
3089 7 6
3032 8 14
3069 8 14
3050 8 14
3042 8
3038 4 9 12 10
3033 8 4
3034 3
3061 3
3090 1 2 15
3114 1 2 15
3225 3 11
3091 3 7
3053 12
3030 8 9
3031 8 9
3102 9 7
3066 3
3122 3 11
3210 3
3184 3
3068 7 16
3072 7
3183 7
3065 7
3074 18
3181 8 12
3205 3 7
3186 7
3224 6 10
3207 10
3199 10
3170 1 2
3172 7 16
3169 8 12
3197 7
3177 3
3206 8 4 7
3162 18
3175 8 4
3202 7 14
3164 3
3173 7 10
3165 7 14
3161 3
3168 7
3163 3
3236 7
3180 3 7
3178 3 15
3166 3
3231 2
3228 3
3223 7 6
3273 7
3267 7 6
3248 7
3261 11 12 10
3232 8 12
3306 3 11 10
3222 3
3211 11
3242 11 12
3212 4 7 6
3213 10
3214 8 3 14
3229 11
3239 11
3230 11
3216 11
3209 8 3
3227 11
3215 7
3221 7
3217 3
3238 11
3243 7 10
3219 10
3250 9 10
3320 3
3308 3
3326 7
3388 7 6
3323 7 6
3301 10
3285 3
3269 13
3296 9
3270 3
3415 3
3304 12 10
3268 8 4 12
3325 3 13
3277 3
3324 7
3289 3
3283 3
3293 7
3295 7 18
3290 7
3284 3 18
3311 3 6
3298 11
3286 8 4 5
3312 12
3316 8
3309 13
3317 3
3374 3 7
3307 3
3376 3 6
3313 7
3335 8 4 5
3397 9 7
3406 11
3334 3 10
3371 7
3356 9 10
3361 9 10
3333 3 7
3362 8 3
3398 3 7
3353 3 7
3394 7
3355 7
3414 3
3405 9
3346 11
3367 3 6
3357 7 15
3370 3
3404 3 7
3377 13
3372 7
3358 7
3368 7
3347 11
3348 11
3349 11
3354 7 5
3350 3
3351 3
3365 11 12
3382 3
3336 3
3337 4 12
3338 4 12
3364 3 11
3360 3
3352 11
3366 11 12
3359 11 12
3390 11 12
3385 12
3389 11
3339 7 10
3340 12 10
3341 11
3342 11
3343 11
3344 11
3345 11
3387 3
3396 3 7
3386 4 1 2
3383 8 7 10
3375 10
3373 3
3392 7
3395 7
3400 7
3380 7 10
